10001100011000110001
10001100011000110001
10001100011000110001
10001100011000110001
10001100011000110001
10001100011000110001
10001100011000110001
10001100011000110001
10001100011000110001
10001100011000110001
10001100011000110001
10001100011000110001
10001100011000110001
10001100011000110001
10001100011000110001
10001100011000110001
10001100011000110001
10001100011000110001
10001100011000110001
10001100011000110001
10001100011000110001
10001100011000110001
10001100011000110001
10001100011000110001